1  76 22  43 11 7  6  - 43 i2 j5
1  6  22  43 11 7  76      i4 j4
1  6  22  7  11 43 76      i5 j4

1  6  22  7  11 43 76 - 22 i0 j5
1  6  11  7  22 43 76      i=4 j=3

1  6  11  7  22 43 76 - 11 i0 j4
1  6  7   11 22 43 76      i=3 j=2

1  6  7   11 22 43 76 - 6  i=0 j=3
1  6  7   11 22 43 76 - 6  i=2 j=0

1  6  7   11 22 43 76 - 22 i=2 j=3
1  6  7   11 22 43 76 - 22 i=3 j=1

1  6  7   11 22 43 76 - 7  i=3 j=4
1  6  7   11 22 43 76 - 7  i=4 j=2

1  6  7   11 22 43 76 - 7  i=4 j=5
1  6  7   11 22 43 76 - 7  i=5 j=3

1  6  7   11 22 43 76 - 7  i=5 j=6
1  6  7   11 22 43 76 - 7  i=6 j=4